15  240
4   192
247 163
362 365
167 74
362 364
188 359
47  256
250 49
59  67
16  17
248 206
1   122
296 348
174 197
117 118
233 257
96  41
4   182
263 228
266 53
96  34
143 165
120 57
15  255
188 144
16  29
54  213
54  214
190 243
54  217
350 351
12  223
233 267
188 85
355 361
188 87
96  30
14  187
174 60
143 156
240 241
59  86
240 242
138 140
93  7
1   146
59  132
14  178
59  134
76  248
138 139
59  322
376 377
376 378
376 379
247 194
59  94
124 101
174 71
248 225
355 347
255 256
347 217
368 369
14  166
96  51
59  329
59  129
76  259
59  126
4   155
4   159
268 125
12  281
270 271
15  281
4   154
43  241
97  272
83  85
83  84
59  111
42  333
59  38
235 272
42  11
15  294
123 229
97  284
42  13
123 223
121 199
123 224
123 222
188 100
59  374
4   135
143 113
73  109
75  170
42  353
361 362
361 365
361 364
73  116
263 202
251 103
43  217
262 194
174 184
251 367
59  52
47  87
59  50
188 128
141 12
76  296
76  295
35  36
262 169
77  239
4   334
97  225
73  379
134 135
4   337
9   351
312 313
220 341
220 340
77  224
370 355
27  28
21  185
4   318
63  307
236 286
125 262
235 236
80  81
176 177
53  84
93  100
75  121
4   356
73  353
4   352
296 33
6   276
296 30
12  76
296 37
221 222
267 270
9   314
267 271
16  83
264 127
4   346
73  344
4   345
73  343
6   265
12  88
236 229
168 106
164 254
261 167
188 309
1   162
220 310
42  146
172 173
15  203
6   297
20  299
73  331
59  314
59  311
73  335
73  338
120 25
163 64
220 309
188 40
363 221
171 172
171 173
221 287
53  70
226 281
6   286
242 223
9   198
88  147
70  201
16  30
24  25
61  62
73  316
4   313
9   166
120 280
9   161
236 212
220 326
236 219
16  41
119 173
119 172
363 206
296 89
125 287
9   177
236 227
241 242
4   304
120 37
226 264
120 293
8   214
75  339
5   115
269 29
5   112
168 332
45  293
120 273
170 173
21  102
170 171
170 172
252 254
114 202
15  47
5   105
141 170
251 199
95  36
95  35
253 315
8   230
190 24
295 145
190 22
29  89
260 210
15  34
114 88
250 284
93  305
168 72
5   375
141 146
6   104
141 145
76  19
95  48
29  77
260 16
125 10
190 31
239 247
8   208
8   209
73  91
44  167
75  302
6   113
253 148
6   110
253 339
190 42
253 37
190 40
44  355
93  323
102 145
95  162
234 30
266 267
5   152
63  96
5   153
21  147
233 34
120 238
174 7
141 127
296 13
6   319
77  266
252 218
75  363
266 271
266 270
6   333
73  298
5   340
190 61
73  78
6   327
5   343
41  43
5   133
20  202
5   136
305 308
6   341
93  349
305 306
305 307
222 179
73  265
73  40
5   130
268 330
120 214
249 101
253 175
96  162
168 315
307 308
95  137
107 243
93  351
5   337
6   357
44  127
174 350
5   126
269 218
324 325
356 357
73  50
96  351
181 262
370 89
96  348
260 43
93  361
77  299
5   320
12  37
29  370
6   349
8   2
119 270
42  304
269 295
5   191
6   38
259 148
234 240
234 242
301 302
301 303
14  237
250 212
14  230
250 217
8   78
181 249
248 293
6   46
73  31
45  36
5   187
215 216
107 285
250 203
45  230
189 211
123 127
95  366
119 255
268 370
124 362
84  85
59  11
251 148
59  282
97  325
269 268
119 263
141 347
8   98
95  378
181 226
5   46
5   161
59  298
234 211
5   165
45  51
59  292
210 169
41  330
59  291
377 379
377 378
239 240
239 241
239 242
218 242
234 281
114 20
45  62
296 177
45  65
259 189
15  96
263 264
174 55
17  29
97  306
69  72
69  71
262 330
250 253
121 365
14  278
16  124
6   81
17  30
250 251
17  205
259 172
365 321
143 183
194 70
8   244
8   62
123 169
194 167
251 48
256 211
5   91
250 39
251 55
141 181
234 260
222 19
119 202
301 53
26  27
26  28
143 184
248 260
17  224
264 210
130 132
233 350
14  258
250 231
141 89
123 171
5   80
250 24
47  354
269 99
276 277
201 202
157 261
43  99
47  350
9   87
9   84
97  64
218 205
157 228
260 103
30  303
167 228
287 261
4   297
235 188
59  216
254 128
4   292
14  58
347 348
14  56
330 147
296 202
29  30
9   83
218 210
76  121
4   289
4   288
4   283
71  72
77  330
97  185
241 10
233 227
6   90
370 205
254 147
14  79
16  269
29  53
124 53
153 154
145 321
348 371
268 294
228 88
73  219
226 88
47  142
15  176
12  102
363 144
1   255
17  145
228 19
125 330
268 221
220 290
54  342
73  231
97  25
235 328
97  26
123 332
188 257
95  332
188 258
245 246
262 261
190 308
54  358
259 201
54  360
190 7
212 213
262 268
17  124
75  267
2   3
251 253
59  277
4   273
4   274
316 317
4   275
47  179
222 355
4   279
236 196
175 177
157 205
175 176
220 274
15  128
220 278
47  371
1   203
104 105
47  101
190 328
6   374
47  185
287 294
235 150
10  34
259 226
125 342
235 369
63  272
1   211
220 265
48  49
70  127
169 295
174 257
236 331
261 263
88  347
247 217
235 377
235 106
261 264
196 197
188 203
77  127
252 164
309 160
358 360
220 245
4   204
191 193
241 328
125 364
4   200
271 201
139 140
75  255
149 150
252 43
149 151
75  256
236 338
358 359
220 237
96  171
70  300
12  198
199 224
220 238
174 231
168 160
174 236
63  49
164 370
63  48
233 63
233 60
206 207
206 208
199 223
6   136
143 215
97  106
75  227
10  89
63  212
97  102
143 7
207 208
295 99
42  219
168 176
12  189
168 174
299 303
299 302
299 301
236 368
299 300
108 204
168 178
76  33
366 367
366 368
63  225
76  39
168 376
366 369
235 113
107 58
39  64
236 372
168 149
190 103
82  21
30  147
168 140
9   49
6   193
120 162
111 112
287 228
233 99
63  33
243 244
267 157
6   186
9   60
33  34
205 371
93  85
93  87
19  20
362 99
247 249
9   272
66  67
244 22
179 201
93  94
363 103
294 10
363 101
242 342
247 252
120 191
119 82
254 179
5   312
247 254
194 271
164 300
54  11
363 74
14  139
234 302
54  18
253 223
141 269
5   209
107 131
107 324
107 329
64  332
120 320
160 161
164 114
190 142
82  294
108 138
45  373
235 51
248 371
5   232
221 201
371 281
54  31
8   336
120 151
120 152
220 182
21  224
234 328
239 163
253 208
14  158
82  260
189 348
183 184
21  229
82  266
120 349
143 333
4   23
143 331
150 151
143 336
194 264
220 195
44  263
42  90
249 252
249 254
21  210
1   55
82  271
168 207
122 342
363 33
163 179
321 199
93  39
4   32
378 379
10  210
45  156
270 19
239 181
21  240
300 301
300 302
300 303
120 3
18  28
163 164
218 74
220 178
163 169
18  26
1   27
18  27
5   246
108 55
45  166
107 373
107 372
108 57
108 51
42  35
163 370
363 36
4   52
235 13
8   100
44  20
107 339
108 131
42  60
42  65
306 308
4   56
42  66
306 307
45  131
120 117
42  69
190 197
77  82
108 28
237 238
109 110
164 330
143 66
4   68
143 67
93  213
285 286
14  314
107 354
108 118
14  310
45  146
108 35
240 43
1   13
249 19
123 249
294 114
108 335
181 147
251 207
4   79
302 303
250 121
8   122
45  317
5   291
226 20
95  253
222 287
63  1
359 360
288 289
95  257
45  122
14  336
14  338
44  205
108 94
189 74
5   280
70  74
367 368
367 369
253 284
303 179
54  174
54  175
59  180
259 269
4   98
107 185
59  186
108 61
364 365
251 225
259 260
142 144
4   92
220 65
256 321
57  58
107 196
59  198
220 115
59  195
107 192
251 213
108 372
339 106
248 173
8   158
124 270
95  284
233 148
285 22
220 32
233 144
108 190
235 78
45  354
248 142
82  252
41  218
181 301
326 327
323 324
143 353
323 325
124 211
119 355
114 157
124 221
226 41
120 315
101 102
107 143
8   183
116 117
116 118
248 128
17  321
119 364
54  128
107 156
143 373
8   193
227 229
157 167
41  241
